#Galaxy, random x Coord, random y Coord, run, dist to nearestMC
circinus 213.31515628095673 -65.34939057974766 0 31.84651707340599
circinus 213.35766540685205 -65.33550133891447 1 28.666102490883382
circinus 213.311163798302 -65.32939063831134 2 34.146416245483124
circinus 213.292516814533 -65.34661064243835 3 19.343396997781284
circinus 213.29384822374004 -65.34327942169796 4 16.64910200675906
circinus 213.28719206349083 -65.34050143272316 5 24.388349319270375
circinus 213.29517990005064 -65.32550084629509 6 9.884258845078696
circinus 213.2925178690236 -65.34605590847067 7 28.2320797015941
circinus 213.33902427847735 -65.33161254387663 8 13.826621107595239
circinus 213.283197132733 -65.33772373710259 9 22.954117882195106
circinus 213.28985461471623 -65.33049478220144 10 12.059041879179421
circinus 213.30313980345628 -65.3316112770507 11 37.54773130361631
circinus 213.189929913408 -65.33772291582098 12 25.942501662722652
circinus 213.24595148086 -65.3293888555216 13 18.321991601769433
circinus 213.24195753854846 -65.34105728162412 14 34.28421067325278
circinus 213.22316065273313 -65.3388350946015 15 19.685594253686855
circinus 213.24462290716568 -65.30493066491681 16 18.961247540606408
circinus 213.19791532138942 -65.33050069380579 17 5.370420247319244
circinus 213.26321969437177 -65.34383368636578 18 39.06380404627392
circinus 213.22317573160873 -65.35048852049836 19 4.6416541730712915
circinus 213.291187050477 -65.33605689446513 20 31.89445871833719
circinus 213.2885237258247 -65.33550143276729 21 35.08292425055333
circinus 213.277873575125 -65.33382499429938 22 26.651162657308234
circinus 213.3125208874448 -65.34605530991877 23 4.5092702053617995
circinus 213.2765364854263 -65.35272175307853 24 22.410341360414463
circinus 213.22322217157006 -65.34049213952812 25 39.596367877054846
circinus 213.26188699109386 -65.33272333827283 26 26.674686623755097
circinus 213.21917692033207 -65.34439022767948 27 33.79897988610156
circinus 213.2419609620397 -65.34161244994617 28 37.46586995068092
circinus 213.2151926979647 -65.31827911624698 29 23.18940853194659
circinus 213.2672106561042 -65.38048431272153 30 23.994737756318344
circinus 213.18322597502024 -65.35216490626776 31 19.14619607494713
circinus 213.2858560475714 -65.33661254387201 32 31.89446549267549
circinus 213.29251639280577 -65.3266046276391 33 33.531254335294705
circinus 213.20985126726998 -65.34272397175833 34 34.16477006613893
circinus 213.25922272412197 -65.33550143276729 35 34.15119562291695
circinus 213.29783986507073 -65.3460570703656 36 27.511738117649067
circinus 213.25390353013609 -65.33994595930913 37 26.413059915860135
circinus 213.29518070146344 -65.33994567770307 38 0.0
circinus 213.2925178690236 -65.36992326488198 39 31.02371560989385
circinus 213.20984357702693 -65.34216800549282 40 12.459523083214076
circinus 213.26056206573176 -65.32438653379326 41 6.585959722386906
circinus 213.29118558807937 -65.34327929261214 42 36.126195355187456
circinus 213.2898547693893 -65.34438941792526 43 36.807033574455815
circinus 213.2871914728796 -65.33939022775795 44 30.681637177323843
circinus 213.29651133735564 -65.33550151488852 45 20.946118772712417
circinus 213.30183586341576 -65.3316093533521 46 25.45589481134838
circinus 213.31780315909407 -65.34605590847067 47 12.87285024556795
circinus 213.3311379388879 -65.34272345542601 48 15.033612640137724
circinus 213.3310989577446 -65.34216789988164 49 6.989962629667534
circinus 213.26722682609682 -65.32104950735038 50 30.943129460500028
circinus 213.28719176816455 -65.35161275502927 51 4.494346728692311
circinus 213.24457726925635 -65.34772218772962 52 26.05792744417437
circinus 213.2925159711178 -65.38494349442982 53 3.872653843878555
circinus 213.34175267898118 -65.30325440242557 54 17.06917486263242
circinus 213.292516814533 -65.34383097550685 55 39.287634389676995
circinus 213.29384894076014 -65.38937953443488 56 18.679105698947854
circinus 213.1672402773315 -65.33216751292929 57 24.7524660717746
circinus 213.261887427235 -65.33939057975809 58 28.328844832338863
circinus 213.27787042710915 -65.33882999070752 59 15.135779708427313
circinus 213.25656657312393 -65.36160324325117 60 10.764778577951633
circinus 213.24323143785298 -65.31439057867341 61 38.3946641423138
circinus 213.2951801671758 -65.38493608960019 62 12.83162895263863
circinus 213.292516814533 -65.34436773060176 63 34.0849872929658
circinus 213.173943515627 -65.31939012191698 64 20.906606083117605
circinus 213.19654825218632 -65.36716642015564 65 27.027796295903258
circinus 213.28053159740787 -65.3355005294338 66 37.4774555770912
circinus 213.26854258558078 -65.33882963871488 67 29.793696346231325
circinus 213.26588230126902 -65.34772398349922 68 37.51287217000424
circinus 213.25922420137408 -65.32883444939422 69 28.751891214966236
circinus 213.29517909875008 -65.34105719948553 70 24.445130978959984
circinus 213.23787055986935 -65.38549905008071 71 34.208416387925695
circinus 213.3245176294251 -65.3382792105249 72 31.68740558925335
circinus 213.29118613641447 -65.34883467206362 73 22.948308565611246
circinus 213.25786840078888 -65.33327921054928 74 38.22152907952302
circinus 213.2285293422144 -65.34383467213272 75 29.570313827807986
circinus 213.25789184987948 -65.36772151762675 76 35.02609704054811
circinus 213.28985198637875 -65.32938973518758 77 31.821233047095934
circinus 213.25922370897973 -65.33661245001521 78 6.700510574140948
circinus 213.2991837076661 -65.33661254387201 79 27.499219180553478
circinus 213.34967523679643 -65.34050143272316 80 31.82379968666483
circinus 213.33904214469177 -65.33550069367628 81 14.435472327753981
circinus 213.26056809544647 -65.36716571541106 82 13.606048378955954
circinus 213.29384750682036 -65.38549879149386 83 23.23103029350094
circinus 213.24452105623152 -65.34438987561242 84 25.430200838535356
circinus 213.29384965788068 -65.36772398428504 85 17.34731912281627
circinus 213.30049844018697 -65.33494479792921 86 30.603154581772984
circinus 213.29384846273558 -65.31271922321216 87 10.486378561270191
circinus 213.2406316729939 -65.34938818523646 88 29.362060331646912
circinus 213.2805343844518 -65.331045704422 89 33.43099021760403
circinus 213.3058368121808 -65.34661127621258 90 13.394822270142967
circinus 213.29118303019743 -65.34605590847067 91 25.559019385619166
circinus 213.29917386046705 -65.38326842414067 92 26.257920060313516
circinus 213.35763848341895 -65.33439047416428 93 9.433625166795558
circinus 213.29917280617346 -65.33827946864744 94 17.09873018175193
circinus 213.25390171615857 -65.33883456661242 95 35.6983941476261
circinus 213.3244016742864 -65.34661146399756 96 6.99931071462739
circinus 213.2525435054987 -65.34050158526298 97 25.483648320099665
circinus 213.34302987166384 -65.34605590847067 98 16.39045001214735
circinus 213.3297613592634 -65.34772394828803 99 27.474755468614887
ngc0253 11.890519949312099 -25.28414840973603 0 8.639596970042366
ngc0253 11.836435806460958 -25.261361502892708 1 41.72073296384005
ngc0253 11.80261395690306 -25.31137050850152 2 10.642632631416799
ngc0253 11.857952320265246 -25.29914827236399 3 43.700792459110225
ngc0253 11.822296659408567 -25.33358566031062 4 31.228586199937666
ngc0253 11.937205321556787 -25.30470095058524 5 11.581117173189979
ngc0253 11.898508968538662 -25.29248154583332 6 27.674366721222608
ngc0253 11.927377414297597 -25.291370434721692 7 31.26180169586206
ngc0253 11.867163380850357 -25.29970395200905 8 44.441540752097055
ngc0253 11.926766339492582 -25.25692118637534 9 22.85196541971006
ngc0253 11.88007345468214 -25.255808165005604 10 26.306569140885305
ngc0253 11.896049925583792 -25.276921953631227 11 31.799968612368883
ngc0253 11.90956469850517 -25.347478799399244 12 41.628143601196804
ngc0253 11.893591770559466 -25.285259214822915 13 25.66314054979662
ngc0253 11.89236324494549 -25.2913688281622 14 33.26167454582535
ngc0253 11.769973887926433 -25.333570604295026 15 41.84873558917805
ngc0253 11.881917562145507 -25.280259520825588 16 20.96720995959765
ngc0253 11.888676729676806 -25.24914417387753 17 25.10934440183603
ngc0253 11.870856213546473 -25.261370283672754 18 44.54371447756993
ngc0253 11.86471212313636 -25.289703972929658 19 35.741140914080255
ngc0253 11.877616483652446 -25.30859286352285 20 30.51941116330299
ngc0253 11.950715076928425 -25.279148285643977 21 36.19815932485498
ngc0253 11.86102001412313 -25.246918894434337 22 28.160045778216602
ngc0253 11.914484356747833 -25.22524004093124 23 34.47002851123264
ngc0253 11.891134406285214 -25.332458814562802 24 41.269293344248915
ngc0253 11.913869167747585 -25.279701483448196 25 49.184946061437095
ngc0253 11.961755892402334 -25.266370144797055 26 35.338274138190386
ngc0253 11.852418206036505 -25.280810155333832 27 37.92036955945101
ngc0253 11.880075248011313 -25.20797304771217 28 18.520286413335395
ngc0253 11.889905619702308 -25.2797033729622 29 13.699700775969504
ngc0253 11.876387875127246 -25.288592821734863 30 33.99789225734112
ngc0253 11.875158593079634 -25.287481694718103 31 15.767164813343076
ngc0253 11.844424049871124 -25.286926197060396 32 25.890637558730884
ngc0253 11.829662151044657 -25.277480510078114 33 42.590185793127404
ngc0253 11.865324967618287 -25.28470388830937 34 23.237546099451606
ngc0253 11.915702098114126 -25.2869255385542 35 35.70400428164658
ngc0253 11.848739430716577 -25.307481717982295 36 15.042132012649654
ngc0253 11.88314740471891 -25.255805064139828 37 20.899840028307622
ngc0253 11.90096376027917 -25.29581498862047 38 48.74224166970961
ngc0253 11.916939939214476 -25.309148041120046 39 43.435954753877155
ngc0253 11.864092255532588 -25.369639968197212 40 23.103377223649694
ngc0253 11.892977155375885 -25.239701189140927 41 34.10631776748749
ngc0253 11.914485342327426 -25.296924236683918 42 19.547693737094328
ngc0253 11.884990187651955 -25.272478971755028 43 38.54212446082073
ngc0253 11.926144757327405 -25.323588397603647 44 3.6736776764174537
ngc0253 12.007811842630861 -25.27025942132009 45 18.352740025032972
ngc0253 11.91816359987646 -25.27136514105611 46 11.055786251833242
ngc0253 11.819832216274248 -25.234687797673555 47 31.38173384586886
ngc0253 11.930464228160941 -25.27470196440495 48 36.451595142663564
ngc0253 11.923075198175173 -25.290812480472663 49 40.713618938365435
ngc0253 11.888062257217559 -25.314695982168885 50 16.887617398888484
ngc0253 11.942725105717424 -25.28025952400658 51 38.016509705375114
ngc0253 11.858561084038946 -25.220244749138836 52 28.71123711039871
ngc0253 11.899121524494014 -25.314134321152174 53 46.53154404473684
ngc0253 11.916325125528546 -25.241368419205184 54 37.487044384727966
ngc0253 11.845055059783316 -25.25747282816604 55 32.901852101150254
ngc0253 11.905263228697168 -25.298592863148226 56 36.65696267105194
ngc0253 11.889291138798592 -25.19463206107582 57 39.14903040120306
ngc0253 11.854264925490378 -25.201906375402043 58 8.220529565616797
ngc0253 11.878846924085833 -25.285259463588492 59 19.540593106151068
ngc0253 11.894821351542191 -25.298032136404668 60 36.57676672719646
ngc0253 11.848106903664405 -25.348560587835344 61 46.46981804785964
ngc0253 11.888676685342167 -25.36964824815292 62 29.048635883251286
ngc0253 11.886833380562157 -25.3158143386271 63 23.531588180844043
ngc0253 11.877615888793576 -25.19463386344802 64 14.811704012246048
ngc0253 11.877617764107553 -25.276369589811704 65 29.30286406892439
ngc0253 11.872698084002264 -25.279702995059406 66 39.09650015167382
ngc0253 11.877002025263046 -25.248015224317886 67 26.13382685279414
ngc0253 11.815516495534442 -25.240793666548317 68 20.253774979179084
ngc0253 11.884990331137157 -25.2763692768099 69 38.0835876353082
ngc0253 11.86225479140484 -25.236892912122176 70 21.635820135138985
ngc0253 11.926763830141535 -25.316918991087917 71 14.963619006227736
ngc0253 11.917552575083013 -25.320806685114587 72 28.27756196121098
ngc0253 11.881917978781221 -25.361865567930785 73 45.95112642566572
ngc0253 11.911409731968353 -25.28748172398518 74 13.375055690457934
ngc0253 11.89666452752822 -25.297480588240276 75 25.110286251535396
ngc0253 11.917552437946386 -25.25411346797364 76 24.653582644095884
ngc0253 11.904038119018498 -25.367420568568004 77 25.3331460663997
ngc0253 11.996709219033846 -25.296924615912985 78 41.83047920740079
ngc0253 11.88806224244242 -25.29137019421497 79 28.058310940492312
ngc0253 11.942120138238748 -25.29969935534204 80 30.970001488589354
ngc0253 11.872087708411966 -25.393540826547525 81 14.904426959003807
ngc0253 11.921849959782836 -25.288035636123162 82 17.470029543447364
ngc0253 11.88130352251024 -25.29025868671968 83 39.31405006160877
ngc0253 11.926753087588757 -25.304702482234486 84 33.02445652360851
ngc0253 11.912023021374562 -25.345799054668415 85 25.61130341977508
ngc0253 11.870849988920153 -25.285259501762237 86 15.880763716375952
ngc0253 11.886833436845896 -25.35356958833728 87 28.59182629843831
ngc0253 11.819222865385942 -25.240256376640044 88 26.332161824704766
ngc0253 11.808168839252751 -25.28581505731826 89 18.268712453594922
ngc0253 11.848725709249365 -25.24914222759478 90 34.73452234181917
ngc0253 11.911401128156642 -25.304699507385955 91 39.18494496711355
ngc0253 11.783524073273181 -25.275811410007606 92 42.58765272074766
ngc0253 11.913863755803277 -25.310259530304204 93 11.0404270626891
ngc0253 11.931682967983232 -25.307479891033534 94 32.43169095893112
ngc0253 11.940887160080422 -25.341920275057547 95 12.54814415634683
ngc0253 11.94027484251255 -25.247475016802625 96 43.9328743812251
ngc0253 11.923086242600197 -25.349143497410285 97 10.665248951750264
ngc0253 11.902197093690955 -25.273032456600536 98 27.56076728447857
ngc0253 11.889905598589648 -25.28192550930331 99 35.35057227021294
ngc0300 13.683726903342368 -37.684695508571025 0 10.677962294466376
ngc0300 13.741986437494155 -37.67858242118712 1 9.047312282715593
ngc0300 13.722329184668032 -37.685242908518845 2 15.026637388650299
ngc0300 13.779173742323358 -37.67688280296652 3 9.227135150983598
ngc0300 13.72092430355483 -37.635802618440415 4 10.356843390148146
ngc0300 13.800259168474811 -37.65580606560808 5 10.333082596789156
ngc0300 13.745505346750642 -37.71747263872606 6 8.86525124486141
ngc0300 13.770110786834532 -37.73025093162771 7 105.89313915454252
ngc0300 13.710392687232591 -37.693579590931705 8 11.825666683054665
ngc0300 13.66618942724186 -37.682472637268454 9 11.533738124301758
ngc0300 13.63666121550111 -37.68245674691777 10 2.4094338021637665
ngc0300 13.760273176510712 -37.6741276341026 11 11.13748396941535
ngc0300 13.698453686423864 -37.67524706595854 12 11.625105854895244
ngc0300 13.709689361995155 -37.67579191237655 13 11.751959108465085
ngc0300 13.651478750863124 -37.676362237683556 14 12.819483665262299
ngc0300 13.71039270297968 -37.705244683945395 15 10.645033322316317
ngc0300 13.695642812601172 -37.70358283281569 16 3.0603345212887576
ngc0300 13.723027557784695 -37.67747359843052 17 13.753526201784272
ngc0300 13.720923877352165 -37.642471586421344 18 13.01874138696497
ngc0300 13.728636806200324 -37.68690372446328 19 9.984379550309187
ngc0300 13.679505053037127 -37.66246344823134 20 11.60466131036095
ngc0300 13.779896093449533 -37.72636240378944 21 12.228783103168418
ngc0300 13.749003751058666 -37.68580615779829 22 13.900525564428554
ngc0300 13.777758626740756 -37.65135531123138 23 3.6622982869614367
ngc0300 13.753216236666225 -37.692472637150914 24 4.905337936005141
ngc0300 13.735682280114716 -37.66301840889768 25 5.716286514884367
ngc0300 13.77496454408108 -37.69190957443791 26 9.330871874010768
ngc0300 13.763027330248098 -37.720802021949176 27 12.747335088495346
ngc0300 13.682315378566825 -37.726353194498145 28 6.221735746992624
ngc0300 13.62194056461762 -37.66244507047228 29 58.83544735341008
ngc0300 13.65634337883942 -37.66691111213217 30 11.68853975867732
ngc0300 13.724438877542001 -37.6463622352892 31 8.127478828774331
ngc0300 13.75250067450525 -37.71469589288411 32 6.863149739240524
ngc0300 13.706180349180606 -37.72580576978715 33 11.595085547211504
ngc0300 13.66265676716471 -37.70857623993315 34 5.417560169394873
ngc0300 13.652157070275283 -37.68191205127122 35 4.597699285918789
ngc0300 13.664758896476021 -37.67580606637375 36 7.211681536111049
ngc0300 13.678807226582986 -37.69576486621371 37 8.410816600474483
ngc0300 13.753901102765258 -37.64580565655088 38 14.59340758297003
ngc0300 13.735669559654772 -37.68414036495419 39 13.265336765505326
ngc0300 13.704073024187078 -37.68521613233449 40 8.992773981287861
ngc0300 13.768669559679411 -37.6941404399118 41 4.56779687560246
ngc0300 13.716007919082717 -37.68414012777946 42 9.974198080766909
ngc0300 13.728640537535266 -37.69691823023616 43 10.874653536540137
ngc0300 13.613515865436097 -37.678579379752996 44 2.74954471724464
ngc0300 13.725833998896123 -37.63524847651977 45 12.3082466038635
ngc0300 13.661231715143591 -37.693581313788634 46 7.459640383641883
ngc0300 13.741268481963697 -37.655801386314174 47 6.764656240351449
ngc0300 13.63600084575424 -37.7358066890833 48 12.42170938657043
ngc0300 13.787670752302414 -37.66746889327064 49 12.739865002152916
ngc0300 13.713901979901264 -37.67801377634478 50 15.098670333400221
ngc0300 13.668257819456562 -37.702473219986764 51 7.908340487852641
ngc0300 13.75465171843466 -37.66525144666255 52 7.543809169790087
ngc0300 13.782719822410234 -37.6641353561664 53 10.75883572931431
ngc0300 13.66898296231325 -37.672473219799095 54 12.420304085355165
ngc0300 13.747625455448818 -37.65245675229294 55 5.096926180150884
ngc0300 13.65074835256087 -37.712465395205896 56 9.291559382925657
ngc0300 13.718820326317589 -37.71801412805592 57 5.523116545845918
ngc0300 13.679508640482888 -37.75190193716358 58 5.091325841186914
ngc0300 13.730041314817571 -37.66855419099916 59 8.295974336836304
ngc0300 13.769393853313183 -37.65413308913281 60 12.803170589608403
ngc0300 13.73426713107646 -37.655794627333755 61 8.58659547044428
ngc0300 13.808684935609266 -37.6446815075311 62 11.243965008356497
ngc0300 13.681596236987396 -37.70745062333628 63 1.2525259366433648
ngc0300 13.739876311956701 -37.64580419264882 64 2.758357951406152
ngc0300 13.706177586375032 -37.675791554574126 65 13.466878854356617
ngc0300 13.723730070250593 -37.71635974993989 66 12.794099435560751
ngc0300 13.795305622151446 -37.6757852639081 67 8.60431998632793
ngc0300 13.781296027876934 -37.68747374405949 68 10.509652448754835
ngc0300 13.66897183172702 -37.68024725707584 69 4.367878448491949
ngc0300 13.712497977558161 -37.723006176469106 70 10.917063998375703
ngc0300 13.715305501398388 -37.681897217891205 71 8.331659127610298
ngc0300 13.751821243869099 -37.67022429333713 72 3.4632649443625767
ngc0300 13.682302062267999 -37.670786525845116 73 7.155413421134776
ngc0300 13.779197078701163 -37.68911901779135 74 10.952817560222154
ngc0300 13.672486697205745 -37.68858354439257 75 6.227031425810408
ngc0300 13.734960885435711 -37.68469443503529 76 2.6218651916205964
ngc0300 13.618447293305948 -37.6941370399489 77 10.417744154108323
ngc0300 13.787625034931288 -37.66635873897812 78 9.411997903187546
ngc0300 13.789065346347376 -37.680805870768154 79 10.204245396683396
ngc0300 13.665481942178175 -37.74912067231148 80 13.664798968322007
ngc0300 13.6886321789628 -37.67802933705457 81 9.984059887607405
ngc0300 13.743387999298157 -37.66858364858587 82 12.848400473894237
ngc0300 13.767953448935652 -37.6796555241641 83 7.238974631242489
ngc0300 13.708989763927793 -37.706917519025644 84 10.378687924217617
ngc0300 13.732157542664666 -37.635788546909524 85 2.349412485574547
ngc0300 13.693540390583827 -37.683028380055845 86 11.866729896954281
ngc0300 13.631813236149736 -37.70467540591059 87 4.390364135549142
ngc0300 13.764445605220976 -37.69858451823369 88 6.099104043415472
ngc0300 13.72442895105495 -37.68635555494162 89 10.64401008004385
ngc0300 13.75460349893518 -37.66911365685585 90 10.558615318469446
ngc0300 13.78060903634743 -37.679694759674 91 11.031298079921905
ngc0300 13.680200715372838 -37.6730219773692 92 1.9619199203019857
ngc0300 13.75951150845037 -37.67857801922088 93 10.407308684097154
ngc0300 13.71460441091939 -37.68967703250138 94 8.660447365861716
ngc0300 13.754617394327438 -37.68523740348568 95 10.940770167161997
ngc0300 13.697755238409346 -37.729695221843535 96 10.135806136151919
ngc0300 13.75464264194854 -37.6746924257253 97 11.997668874594682
ngc0300 13.723730070250593 -37.65914043912682 98 3.0525840987904806
ngc0300 13.734265078537529 -37.692466170292064 99 3.4614203773221
ngc0628 24.207278599793277 15.794287472094029 0 1157.5406234221407
ngc0628 24.179509404251814 15.785457920899002 1 4.406151946815301
ngc0628 24.15485511731125 15.784847051492351 2 2.8260946628421566
ngc0628 24.18210776939627 15.78445832767892 3 4.0993676139502515
ngc0628 24.171426466201478 15.777124998747448 4 6.36263572529619
ngc0628 24.174486127489992 15.764568641254249 5 1.5603175461561445
ngc0628 24.171310897553845 15.76501348146758 6 0.8274138554960961
ngc0628 24.153818837924362 15.796622686470787 7 134.06349189031883
ngc0628 24.174024236354956 15.749457950223118 8 4.399247686495792
ngc0628 24.1585511531178 15.779680323065485 9 4.687429555294506
ngc0628 24.16074610407164 15.771233063059164 10 13.302411487746085
ngc0628 24.202139917677652 15.799402503839344 11 4.369652392495691
ngc0628 24.193074492664618 15.77656856565706 12 4.426747580217791
ngc0628 24.159646759643202 15.749735682480159 13 893.8346283261193
ngc0628 24.18251054884897 15.802347093383661 14 6.555278263805491
ngc0628 24.155547603066026 15.772179918546856 15 4.975816815645626
ngc0628 24.154049535280773 15.77984722116733 16 5.031935251641005
ngc0628 24.197518771799754 15.779402728744037 17 3.654518800042576
ngc0628 24.18707096366336 15.795013803011662 18 2.94884194840965
ngc0628 24.17136874647655 15.781622206468938 19 4.502558721557042
ngc0628 24.175467305716996 15.784458333034872 20 4.791825790334416
ngc0628 24.187648440062016 15.787346937897059 21 1.6266112644900512
ngc0628 24.173908765238664 15.807847063407475 22 5.47295077129773
ngc0628 24.15012281294199 15.779291018649348 23 4.591258838784713
ngc0628 24.166634843973657 15.785679722689556 24 4.361759854016202
ngc0628 24.167962244132333 15.800124699467354 25 3.5649829026527646
ngc0628 24.164037334732186 15.781291666013523 26 4.631605912844487
ngc0628 24.18031631805203 15.783736110763133 27 4.704436778659907
ngc0628 24.182107551465073 15.794013878940127 28 4.102985744702655
ngc0628 24.146718305181306 15.796291125009377 29 3.38868018773742
ngc0628 24.196193127528954 15.782069292547883 30 0.5879615212882927
ngc0628 24.163747331907263 15.762513020018215 31 4.80868094709923
ngc0628 24.170618414241194 15.772231797355785 32 1909.6153591915604
ngc0628 24.162129693074288 15.781069194338164 33 2.147200147878542
ngc0628 24.17460154897119 15.786347193660154 34 4.845064430911782
ngc0628 24.166461507847444 15.787569040821166 35 6.467314095337071
ngc0628 24.17408195121799 15.763845828966154 36 2.962169010450954
ngc0628 24.15635805629699 15.749902775660386 37 4.9393256991631835
ngc0628 24.145965084449347 15.777013463960081 38 4.423934246816502
ngc0628 24.153527645234593 15.790123816622577 39 1.9513901047052886
ngc0628 24.171714913841242 15.793512650880075 40 3.4980055792989115
ngc0628 24.182164543834002 15.784736108140415 41 2.773751582766616
ngc0628 24.16392050053714 15.770067042013906 42 3.5250478810133408
ngc0628 24.191226651716864 15.78079152740033 43 4.445971175068632
ngc0628 24.172869579653334 15.778179280469336 44 4.30333690252732
ngc0628 24.199655869063193 15.793346912370092 45 0.9898868850820829
ngc0628 24.205372916121597 15.776958028035104 46 3.7038699576954546
ngc0628 24.188976449838787 15.77629051019467 47 5.033809096799516
ngc0628 24.16195845075275 15.784567109909366 48 3.8765278414785658
ngc0628 24.17760423637112 15.796624587654513 49 864.9781093891468
ngc0628 24.147927192477393 15.776624722978394 50 4.303502283713319
ngc0628 24.172696279327866 15.777235893017593 51 3.7243376137769837
ngc0628 24.164555386182617 15.743346941949271 52 4.98006840032146
ngc0628 24.174890228078667 15.788124408428207 53 5.313623289310135
ngc0628 24.170964805887902 15.760402585297912 54 4.111121902755085
ngc0628 24.189437963868205 15.755013743258704 55 1.809795783639573
ngc0628 24.168423297268777 15.787847203000629 56 3.76915430069814
ngc0628 24.152895323409275 15.776291234509305 57 5.377833395762487
ngc0628 24.172638570487106 15.78762422889263 58 1.719536821130708
ngc0628 24.213106404653065 15.758734887784549 59 4.669540596374215
ngc0628 24.187013449008447 15.818624678261237 60 2.9901526605571305
ngc0628 24.16513421064263 15.773902483030755 61 5.047896949279796
ngc0628 24.173793297723993 15.780402772921144 62 4.6467573061430745
ngc0628 24.181414249611567 15.748458291940096 63 1.54914103913827
ngc0628 24.184529286749623 15.760902729973344 64 94.02481948762312
ngc0628 24.19492478734264 15.785847037536726 65 5.011945780191973
ngc0628 24.180895264838707 15.771458268455676 66 2.5849764552407386
ngc0628 24.14463890570605 15.788012096177368 67 2.135757565704088
ngc0628 24.191691721915486 15.766124863545112 68 4.731357680567847
ngc0628 24.17818107122563 15.787678053671828 69 1.5314849207856407
ngc0628 24.163168931896116 15.769846508096673 70 2.811717070076544
ngc0628 24.175005585508426 15.791678627365783 71 2.332814114479651
ngc0628 24.182393700043495 15.791235885238128 72 1613.2660967657816
ngc0628 24.168135597694477 15.796680554228322 73 4.52791959745642
ngc0628 24.184876939195963 15.775958298879333 74 4.132227641675752
ngc0628 24.152836121488335 15.784790551335124 75 3.6507261436950187
ngc0628 24.15837908043214 15.742847180681123 76 4.444465934185473
ngc0628 24.160169051310163 15.751069442522057 77 4.910427882904921
ngc0628 24.134823349009903 15.782458332680747 78 3.235333522809887
ngc0628 24.16461325601581 15.810736029370775 79 1.3974464113068479
ngc0628 24.14919743025201 15.793123010021388 80 4.685503040366876
ngc0628 24.19861728588088 15.802791521497324 81 1.45542097205739
ngc0628 24.18308640661592 15.78829161263013 82 998.177415744445
ngc0628 24.18637981160915 15.786458333332932 83 6.178898764423907
ngc0628 24.180548184236716 15.77717838667517 84 3.371046065144269
ngc0628 24.186378873163008 15.794680214240838 85 5.5485273216482724
ngc0628 24.175987294403253 15.764069357315444 86 4.42564552688061
ngc0628 24.174197355687486 15.77384685954844 87 566.5966360688357
ngc0628 24.182510983378627 15.754235425870194 88 4.696665209436466
ngc0628 24.16842475178541 15.79362496139878 89 5.377742354951751
ngc0628 24.17708395580412 15.790124525120097 90 4.613747417816074
ngc0628 24.200868600577767 15.80173595077671 91 4.639976654790201
ngc0628 24.179393277406035 15.778847172574062 92 4.898300964736713
ngc0628 24.15837910991355 15.77345789019767 93 1.4679592126679653
ngc0628 24.1716574794781 15.77640002107077 94 679.6442681182692
ngc0628 24.171599682397346 15.782847218943129 95 1.8605349660565458
ngc0628 24.188340601873435 15.762236089028587 96 2.0027192399725267
ngc0628 24.179507962051733 15.792179239593496 97 3.802278333059601
ngc0628 24.19053619783453 15.752568146108475 98 6.220733521686249
ngc0628 24.164498240431485 15.785791666208823 99 5.513898978168052
ngc1087 41.6002290090955 -0.4989236102986132 0 6.617664602399485
ngc1087 41.60397914312479 -0.5044236106060255 1 11.750683069797345
ngc1087 41.60639590315687 -0.49092361091238046 2 12.75770618248502
ngc1087 41.60447916290674 -0.47917360522433117 3 16.75008652641413
ngc1087 41.59872894350676 -0.4917569444040438 4 14.144277733970094
ngc1087 41.60231241686359 -0.5098402775395101 5 9.706011205877937
ngc1087 41.60031234113441 -0.5035902737692025 6 11.980528636617821
ngc1087 41.60164572465403 -0.4992569443587051 7 9.307947482640735
ngc1087 41.60906266745267 -0.4958402761957931 8 2.497796171519211
ngc1087 41.58931190427094 -0.5072569351831872 9 9.919334795058429
ngc1087 41.61539624581467 -0.4851736107149532 10 8.94552760652068
ngc1087 41.61156275751455 -0.5084236097466641 11 10.484220184925528
ngc1087 41.60697925644213 -0.49717361110140534 12 12.826658475238332
ngc1087 41.60639590182115 -0.5027569442098914 13 8.304686507199582
ngc1087 41.60631256529505 -0.5041736102865307 14 8.596789913996556
ngc1087 41.6087293337733 -0.50584025347479 15 16.061374293814684
ngc1087 41.596978885224864 -0.49942361110371075 16 13.351604054009053
ngc1087 41.595978860784854 -0.5000902777778788 17 12.368695600996732
ngc1087 41.61031273521648 -0.49742360858186 18 4.80108128495585
ngc1087 41.60022899251754 -0.48717361053644453 19 11.939699904668522
ngc1087 41.612479473907165 -0.48034027703218174 20 8.110077866523763
ngc1087 41.595562156680046 -0.4975902775822767 21 15.793046910403746
ngc1087 41.60439582630153 -0.49859025662923 22 13.589993673010035
ngc1087 41.60031232962814 -0.49675694311240487 23 5.609408355250431
ngc1087 41.59397874332445 -0.4891736083153947 24 8.758675707914797
ngc1087 41.5923953579396 -0.4992569443447312 25 12.96002224360323
ngc1087 41.59814558358273 -0.48559026736567446 26 17.854550338330235
ngc1087 41.60231241555842 -0.498423610298611 27 7.439793638405011
ngc1087 41.6021457369184 -0.4919236109389686 28 11.729773723337454
ngc1087 41.60547919991747 -0.4847569442735343 29 11.777386832188522
ngc1087 41.60106236502776 -0.49434026672356274 30 10.600145999481413
ngc1087 41.60806263438931 -0.48567360924226777 31 13.722176018664808
ngc1087 41.59406210264174 -0.5145069395054166 32 12.486138398595136
ngc1087 41.60597921745103 -0.4875902693701088 33 8.898451449354226
ngc1087 41.597645582094955 -0.5002569433165253 34 16.399578570835093
ngc1087 41.60014565803791 -0.5056736067855909 35 12.902135153835895
ngc1087 41.59589550764411 -0.4835902736823784 36 13.353767772052821
ngc1087 41.617479637750364 -0.48125693474452536 37 14.718500174304097
ngc1087 41.598562269950705 -0.49409026157546265 38 13.24687334024479
ngc1087 41.608145965575346 -0.5105902556471686 39 4.194540460528164
ngc1087 41.59531215267072 -0.4987569443296873 40 13.696575874593659
ngc1087 41.60839597266671 -0.5117569445280725 41 8.64743298316846
ngc1087 41.60556253840983 -0.5162569435208861 42 15.04539277310519
ngc1087 41.60522919014604 -0.503756938774448 43 11.333197273992825
ngc1087 41.60856264815911 -0.48250694361373286 44 10.153050857731523
ngc1087 41.61114607662112 -0.49934027425317445 45 4.184928494870695
ngc1087 41.60881266029414 -0.49042360274353763 46 14.3436627314672
ngc1087 41.60247908435933 -0.49492361085905945 47 8.597537268011173
ngc1087 41.59522883777678 -0.49825694444413 48 13.869408885441986
ngc1087 41.60356246129212 -0.49792361083811976 49 11.714869139597594
ngc1087 41.60656257541288 -0.5118402770828242 50 5.799334400372551
ngc1087 41.6167296257217 -0.4972569345817408 51 5.919987374732577
ngc1087 41.602562418832434 -0.5015069444400916 52 11.721596330380814
ngc1087 41.62456330962146 -0.5010069424987476 53 8.033189166862597
ngc1087 41.59614551680563 -0.4983402734343742 54 13.844539433964039
ngc1087 41.61497956404079 -0.5000902730930528 55 12.012222018435008
ngc1087 41.60956269004951 -0.497923605213199 56 16.602962136115465
ngc1087 41.60564587343958 -0.4914236110906244 57 7.5241670100007685
ngc1087 41.61081274086326 -0.48859027493541307 58 3.9616485026840813
ngc1087 41.59647886600579 -0.5030902763148168 59 9.062954303108802
ngc1087 41.61447953157812 -0.5098402705372872 60 11.465561688869439
ngc1087 41.61981305391313 -0.5004236108732462 61 7.934083382242724
ngc1087 41.597312223200156 -0.508840275821109 62 11.524731455422067
ngc1087 41.607312602163596 -0.4993402777168265 63 13.176492313024664
ngc1087 41.60597922093811 -0.4907569425369931 64 10.948125338568257
ngc1087 41.616812983475484 -0.5125069414740129 65 13.92775819026088
ngc1087 41.607562614732394 -0.49934027698586714 66 10.803218905509086
ngc1087 41.60181238968225 -0.49025693884683563 67 5.135079347881539
ngc1087 41.60389580669461 -0.5100902767746834 68 9.53508715204785
ngc1087 41.60014566123586 -0.4949236101671133 69 7.308410366037368
ngc1087 41.60372913201089 -0.49042361101041604 70 11.02008116958267
ngc1087 41.602145737201994 -0.49767361110546793 71 10.664064429724194
ngc1087 41.61422953071847 -0.4932569440007178 72 9.151057941679992
ngc1087 41.60139571138302 -0.49192360761428866 73 11.1596185997433
ngc1087 41.60922934934563 -0.4977569360382332 74 3.9731943170455244
ngc1087 41.60114569553453 -0.48300694421985385 75 11.766227844241273
ngc1087 41.611146078927845 -0.5020069442707575 76 11.782575264556316
ngc1087 41.61047938280673 -0.49850694399320966 77 17.35538552890557
ngc1087 41.61539623259822 -0.49684027777745415 78 5.913985166317738
ngc1087 41.59897896065475 -0.49417360498358737 79 14.094400104462501
ngc1087 41.604145817177226 -0.4840069440805608 80 16.66981284657286
ngc1087 41.6047291721134 -0.4975902775922986 81 14.697206220593088
ngc1087 41.61122941022242 -0.5059236109038716 82 3.4987872838287997
ngc1087 41.60997936293239 -0.4939236051520829 83 7.1013501386407105
ngc1087 41.60989603536501 -0.4929236087165859 84 9.613015681627905
ngc1087 41.608062625039395 -0.4955902755652272 85 8.890298186914343
ngc1087 41.60272909727592 -0.5030902769065486 86 13.033957337843697
ngc1087 41.60114570142435 -0.494506941687891 87 16.583469884199783
ngc1087 41.6067292471819 -0.4906736109709675 88 4.209349011022999
ngc1087 41.58897858976989 -0.499923610213815 89 14.514718802049526
ngc1087 41.606062556303904 -0.5017569419532385 90 12.25762753690652
ngc1087 41.60731260996674 -0.4755069438156017 91 14.30038682524833
ngc1087 41.61247945545057 -0.495590272788502 92 0.754882831697829
ngc1087 41.593812090332584 -0.4804235960531239 93 15.493360443774467
ngc1087 41.613062812553935 -0.5047569444553813 94 14.63606813268947
ngc1087 41.61447957129102 -0.4951736101897551 95 11.087954430162807
ngc1087 41.60422915247104 -0.4948402775479534 96 16.379614653653274
ngc1087 41.61581294698209 -0.4854236103577987 97 12.064768320082422
ngc1087 41.598312245502605 -0.4986736109449335 98 14.12004069085676
ngc1087 41.60439582623525 -0.4971736104556258 99 13.63000361202659
ngc1097 41.577168338950564 -30.275198207291265 0 20.054828906530208
ngc1097 41.58118909246365 -30.274642373426015 1 15.440035742093482
ngc1097 41.5689672318652 -30.275475990523052 2 16.393501106178917
ngc1097 41.57974172730624 -30.274503648850317 3 3.422238431299224
ngc1097 41.57523846883687 -30.273670371582448 4 10.955376391920113
ngc1097 41.590838316147114 -30.27311477696399 5 15.127969430176709
ngc1097 41.57941981572963 -30.2795021739821 6 3.627067751672351
ngc1097 41.60435410315301 -30.287281597740268 7 16.797422825240417
ngc1097 41.57716802002223 -30.27408716944298 8 11.577683975001712
ngc1097 41.59100239245757 -30.2768603990293 9 2.321177528439699
ngc1097 41.57861566167564 -30.275753657447098 10 19.549018134943896
ngc1097 41.5807065134839 -30.27283705932844 11 20.18097055427416
ngc1097 41.57346945672558 -30.276031451832786 12 23.62136623554733
ngc1097 41.58118883438306 -30.27978145983854 13 16.796230903388988
ngc1097 41.577489893732924 -30.288111089501484 14 11.33003226650615
ngc1097 41.569289421840814 -30.2808926544885 15 7.9361711772391965
ngc1097 41.57829416293793 -30.275475795203203 16 21.319126221252496
ngc1097 41.576042654130724 -30.28019801741594 17 20.355415510747193
ngc1097 41.59470290755167 -30.24867011384577 18 2710.2158303051483
ngc1097 41.578455138451126 -30.264225105195376 19 9.079977159807452
ngc1097 41.586497047599 -30.268531565911445 20 21.143227375514353
ngc1097 41.59324885171556 -30.26811203677912 21 15.774544245021982
ngc1097 41.57958050096239 -30.29367047547842 22 9.889421200385573
ngc1097 41.60178245574859 -30.274364830275992 23 10.212700436600004
ngc1097 41.576685878718536 -30.272281451836264 24 18.949432771650915
ngc1097 41.58038460626075 -30.29588981414897 25 17.42075610749506
ngc1097 41.57700767701592 -30.275058551425197 26 17.06583308065913
ngc1097 41.57459521568552 -30.272142651734942 27 14.207179158569458
ngc1097 41.581508661035585 -30.27672604354172 28 12.318562768708402
ngc1097 41.574595305320926 -30.283251380013283 29 10.957652055909197
ngc1097 41.56896784615638 -30.267420499500687 30 19.09589813872254
ngc1097 41.58054571920008 -30.288253839590585 31 21.38310975921546
ngc1097 41.591803872193324 -30.300336965060705 32 17.091425563178582
ngc1097 41.57893752721031 -30.264642730032087 33 10.93226388247081
ngc1097 41.58199300886439 -30.275059288183297 34 16.12802302296658
ngc1097 41.577168313633656 -30.27755928818074 35 19.194371272721078
ngc1097 41.57282620607252 -30.27117050689803 36 12.474975934099215
ngc1097 41.588101350095094 -30.26255935641081 37 16.573504473303657
ngc1097 41.56977075898252 -30.27075359313121 38 19.67631828126989
ngc1097 41.58504898348704 -30.27686480860343 39 20.880258596927348
ngc1097 41.58987577601893 -30.270614467413093 40 16.419053334092155
ngc1097 41.576685878718536 -30.30839045310271 41 11.292468133873847
ngc1097 41.577811601206335 -30.24033706367034 42 992.4601946737363
ngc1097 41.583601299629954 -30.272837145365134 43 22.473536724869167
ngc1097 41.58923212392395 -30.272281551335592 44 18.151686370858293
ngc1097 41.60210128711951 -30.271447928988128 45 7.766749876491272
ngc1097 41.5842448183269 -30.2788092129979 46 19.964300847649454
ngc1097 41.56012327546185 -30.277975682669947 47 7.072493060459887
ngc1097 41.579098314323375 -30.272698134324752 48 22.234274125871707
ngc1097 41.577328758475836 -30.297003239866115 49 22.130918361116944
ngc1097 41.57652495728469 -30.269364882053985 50 4.821601966088046
ngc1097 41.551282760339845 -30.281029095230284 51 7.831216742417625
ngc1097 41.581832023594416 -30.28978158462778 52 15.639768902429697
ngc1097 41.55787353382698 -30.243114948342107 53 16.451148181648072
ngc1097 41.57829408305751 -30.30366913443342 54 12.391923170905418
ngc1097 41.58134984168211 -30.273253815324406 55 21.926822231248277
ngc1097 41.56671592125758 -30.27630720770072 56 5.164479394242349
ngc1097 41.6027461864134 -30.282003839903727 57 8.411505054829586
ngc1097 41.580867090158236 -30.294503754594547 58 20.13805995902125
ngc1097 41.57925906707248 -30.26797208351787 59 13.358205725801056
ngc1097 41.57781148771571 -30.277420378801388 60 22.169765088782988
ngc1097 41.57491682616008 -30.272281529126364 61 23.510421387308657
ngc1097 41.57073610725124 -30.251031105380562 62 18.61530771860294
ngc1097 41.57861534883462 -30.241587132230638 63 10.984791678350662
ngc1097 41.598075485495464 -30.272281489916256 64 15.132476483550478
ngc1097 41.60611851783923 -30.275614929531734 65 21.00960339157155
ngc1097 41.60435410315301 -30.27811394489646 66 14.614236093058585
ngc1097 41.5729869234911 -30.272976048749268 67 19.848725193460062
ngc1097 41.58665352048151 -30.296029847880913 68 4.898364575216986
ngc1097 41.580223976328845 -30.2920016812392 69 13.606796707161548
ngc1097 41.57684662214629 -30.26089251980131 70 21.481605514628402
ngc1097 41.57958066201552 -30.27436458370897 71 8.832218433264313
ngc1097 41.556587246790784 -30.29380897862485 72 375.7965503325417
ngc1097 41.57475598949027 -30.263809372360765 73 19.462263311135054
ngc1097 41.575881753678516 -30.284781601831238 74 10.157277202932944
ngc1097 41.596149974711786 -30.276170332515488 75 18.746910055097647
ngc1097 41.56977087784717 -30.276864830273187 76 21.003744686565533
ngc1097 41.574273551274494 -30.290475605810396 77 11.32853142375347
ngc1097 41.58376281381804 -30.274364546709172 78 14.644985193718705
ngc1097 41.57877663506107 -30.26727996470485 79 19.113967865043342
ngc1097 41.56591002698559 -30.26630835934441 80 9.866255938499446
ngc1097 41.57942041808183 -30.273809300861256 81 22.807662696408634
ngc1097 41.58054553218856 -30.315196890666023 82 885.8443019256428
ngc1097 41.58714366841437 -30.274503299489208 83 10.52703351622825
ngc1097 41.57942013749603 -30.277002602995974 84 23.86645901159895
ngc1097 41.577168298443944 -30.27714259380066 85 18.288607998860403
ngc1097 41.57861487975325 -30.270475888072006 86 20.365600476076633
ngc1097 41.57877655432697 -30.279226014845563 87 20.491810344245113
ngc1097 41.60852858872228 -30.27367039929524 88 5.384293681799755
ngc1097 41.581509657692855 -30.273670356546777 89 16.147064673317168
ngc1097 41.602425321376444 -30.27728146765316 90 16.372388294256233
ngc1097 41.578776723141736 -30.283114899276477 91 25.092892674657712
ngc1097 41.59035748487544 -30.27464263419424 92 2.471030673226879
ngc1097 41.557230471710824 -30.28533452313599 93 15.974264978510266
ngc1097 41.57926001408623 -30.286170162958385 94 20.854251838443396
ngc1097 41.5856922401067 -30.27367010226712 95 24.416760579316062
ngc1097 41.57009289380477 -30.267419707525264 96 17.024250861113767
ngc1097 41.57314788933446 -30.26547568874898 97 18.57710447465822
ngc1097 41.576846783439336 -30.271725774277517 98 20.913000716784065
ngc1097 41.57877685527657 -30.271031589805183 99 19.517942564948296
ngc1365 53.40174405789085 -36.13584015925973 0 13.501701545441914
ngc1365 53.407316483837846 -36.138340268151225 1 15.564768008131475
ngc1365 53.42485885166414 -36.14059020785117 2 19.788370837492533
ngc1365 53.42290036490392 -36.142923548043406 3 15.612551086523492
ngc1365 53.40277595497409 -36.140423607724905 4 19.490338271471284
ngc1365 53.403188664915824 -36.144256859735236 5 8.46266133556673
ngc1365 53.43259867207056 -36.1383368143239 6 14.04807874909116
ngc1365 53.4017440566579 -36.13484011978316 7 11.623083871108651
ngc1365 53.40215682824952 -36.14167360646364 8 18.90170866856383
ngc1365 53.40071215466958 -36.137840277710104 9 9.79691234446203
ngc1365 53.37284925402638 -36.140590275121795 10 15.859152068492977
ngc1365 53.40432383298792 -36.1385069414342 11 5.396599783468747
ngc1365 53.399267393560585 -36.141923610646074 12 15.366622277930986
ngc1365 53.36552316227208 -36.147837561053855 13 1730.7489737857686
ngc1365 53.38182660960107 -36.157672025946134 14 16.25498230506566
ngc1365 53.375948841647855 -36.140340271669764 15 2.6655265955529317
ngc1365 53.404736704304604 -36.139340277157594 16 10.051738044813872
ngc1365 53.399164315977316 -36.157087416511644 17 13.006388988846878
ngc1365 53.40236317878031 -36.14075691948288 18 21.657849213183503
ngc1365 53.40081535239012 -36.13508862508645 19 15.048081532842257
ngc1365 53.422070504974045 -36.1385902743914 20 6.450244898655487
ngc1365 53.42175996229914 -36.141590200636415 21 11.765645692583341
ngc1365 53.428465301125414 -36.14067361104416 22 804.4119548696855
ngc1365 53.397616319607486 -36.135340275115865 23 15.651635819481747
ngc1365 53.39957713255837 -36.14775340590589 24 13.295642299105335
ngc1365 53.4289857095512 -36.13917360690614 25 11.929589738086637
ngc1365 53.379251461674514 -36.14092341978677 26 13.805072313702707
ngc1365 53.40318879910548 -36.139506935459806 27 18.207348642515733
ngc1365 53.41505348549019 -36.143590253857255 28 6.017110414344765
ngc1365 53.40463323561233 -36.14250692629864 29 16.984270557481448
ngc1365 53.40143448536244 -36.14300308633333 30 19.811642419184036
ngc1365 53.42928984703323 -36.14442353211159 31 1862.682271168685
ngc1365 53.40164086885655 -36.14000694397918 32 14.955102108646813
ngc1365 53.39988663455879 -36.13725690259927 33 17.192700351275406
ngc1365 53.396378131765665 -36.137340273571695 34 8.1477871005843
ngc1365 53.400299418864016 -36.147087807428775 35 19.270946900280393
ngc1365 53.40029940869847 -36.14250253200293 36 10.829556503160006
ngc1365 53.398957999832746 -36.14200694411222 37 1.997456021866969
ngc1365 53.425267054156606 -36.13884022433793 38 168.2903902008268
ngc1365 53.40607789129474 -36.13909022278886 39 22.53740095840499
ngc1365 53.39544962475512 -36.14275676457928 40 18.493734876616514
ngc1365 53.397306678729485 -36.12667129557977 41 18.862536830204938
ngc1365 53.40422105182992 -36.14050694364726 42 15.426433025437122
ngc1365 53.4004025939514 -36.140506937252134 43 19.477570664960076
ngc1365 53.40133133071148 -36.13934023728267 44 12.921860541033835
ngc1365 53.37625668413758 -36.14409017474515 45 14.920660965509082
ngc1365 53.399783490296926 -36.129840277254836 46 20.50005721660319
ngc1365 53.406696679341074 -36.13858974956111 47 18.960068040602383
ngc1365 53.392353883531065 -36.14075679939128 48 7.153087146296247
ngc1365 53.37316174807615 -36.14017361104418 49 12.145156135062622
ngc1365 53.40184725289874 -36.14217360274617 50 4.995775153602718
ngc1365 53.40236319579551 -36.1351735850825 51 23.58442506008687
ngc1365 53.41402216586775 -36.13892360551203 52 19.88843899577931
ngc1365 53.400505768764106 -36.15434027559449 53 16.739619858077063
ngc1365 53.401124926973274 -36.13942360690617 54 14.75070775805235
ngc1365 53.42712410679656 -36.139088169724104 55 3541.0684364970602
ngc1365 53.39833933887103 -36.1230900683854 56 19.128195566284322
ngc1365 53.40587085300246 -36.12500456778037 57 8.043887226378754
ngc1365 53.372849713223815 -36.14192358508721 58 23.81749110612547
ngc1365 53.425481742312996 -36.14417356789463 59 17.419999466478004
ngc1365 53.401124930425645 -36.144005814958874 60 10.843898425304733
ngc1365 53.401228109431386 -36.137673541186224 61 20.409985149661036
ngc1365 53.40060894283602 -36.145506939803866 62 16.84098177872319
ngc1365 53.40370468743812 -36.146173373643165 63 21.054489918575804
ngc1365 53.41041218116617 -36.13917360690614 64 8.223936954011364
ngc1365 53.375324468711156 -36.14234026536328 65 17.168435560660203
ngc1365 53.371299027119676 -36.13767355919813 66 11.090662969343372
ngc1365 53.40256959014076 -36.13992361088926 67 19.361632333081204
ngc1365 53.375326903326936 -36.145256669974074 68 6.650562089826665
ngc1365 53.4015376797949 -36.14067359385031 69 10.516952385321591
ngc1365 53.39895793078447 -36.13909027698052 70 5.872372850921061
ngc1365 53.398854710977766 -36.13775693979625 71 1.0589218314056033
ngc1365 53.393179492552676 -36.139671701001056 72 5.442746128357976
ngc1365 53.39565558457908 -36.13850693833629 73 19.073999753268623
ngc1365 53.399267472567615 -36.144506879696515 74 11.477536332748938
ngc1365 53.395654645605276 -36.14208987202166 75 642.6502520882883
ngc1365 53.39286921978792 -36.137756944310304 76 8.207998621736634
ngc1365 53.366144020941306 -36.13267222078442 77 13.114413536959049
ngc1365 53.40246639294064 -36.14184026137995 78 7.931527012730115
ngc1365 53.403910964400886 -36.15858813068938 79 17.719756517469534
ngc1365 53.40143448708882 -36.13467324262355 80 20.40425394081906
ngc1365 53.41629416672853 -36.140837187390076 81 20.760993455210645
ngc1365 53.4029823300011 -36.134002132550904 82 16.18694636330434
ngc1365 53.401537678698844 -36.14692355296707 83 18.423514080451763
ngc1365 53.40091853166931 -36.15484018528729 84 11.438281991125626
ngc1365 53.397719508970205 -36.14042210051196 85 7.482854233250806
ngc1365 53.402982297861506 -36.13500455738411 86 6.671857392509089
ngc1365 53.37460570894326 -36.1365902331659 87 8.020929258947264
ngc1365 53.39751319664517 -36.13767360909605 88 21.879479109907784
ngc1365 53.40215682252232 -36.140923610313926 89 12.556343686729202
ngc1365 53.398751557100184 -36.13875693979683 90 13.851001934054493
ngc1365 53.400712140474916 -36.14367194109779 91 6.675750168958745
ngc1365 53.40710982607727 -36.144418150574374 92 7.486417822410276
ngc1365 53.404633207257596 -36.1424236103144 93 14.046043679744653
ngc1365 53.42794900033937 -36.15550399243007 94 3593.6078615561123
ngc1365 53.40071213134935 -36.12575651715642 95 19.858468978284247
ngc1365 53.409690212809515 -36.137756931277096 96 10.509847843070158
ngc1365 53.40411745113799 -36.13734019112433 97 15.545406959171824
ngc1365 53.40071218204268 -36.14442349935981 98 7.717449667763621
ngc1365 53.41804867843824 -36.136840271667985 99 13.98700141806527
ngc1433 55.51011530227697 -47.22089310184769 0 10.305963610216661
ngc1433 55.50361202961527 -47.220641871995035 1 12.190163963932134
ngc1433 55.50692488727069 -47.212391482526556 2 15.315041915019815
ngc1433 55.516495250717355 -47.236222347216 3 16.84636778217537
ngc1433 55.486558803875404 -47.223892611112994 4 8.093888055179521
ngc1433 55.47539440843063 -47.22214313262941 5 8.63054628568288
ngc1433 55.5047160277876 -47.22180975937745 6 8.464777569512847
ngc1433 55.49268658066158 -47.21539313025757 7 13.29209545141989
ngc1433 55.496128576676696 -47.2399723306293 8 13.797226565775267
ngc1433 55.5124465388252 -47.22272645551628 9 16.96352756017452
ngc1433 55.52311535127691 -47.22330979327056 10 4.5665004663694395
ngc1433 55.50766107451678 -47.224893095886394 11 8.76835364419463
ngc1433 55.50557518933894 -47.223476466159404 12 3.65041599531023
ngc1433 55.50582057747017 -47.225134226617485 13 6.620211430698791
ngc1433 55.540793446559306 -47.2220597879983 14 8.507554220157957
ngc1433 55.50508437518008 -47.23730826106614 15 16.442768802434255
ngc1433 55.52655694263408 -47.217892980363644 16 11.247099249826926
ngc1433 55.54128187342365 -47.22105717321874 17 12.921866300725338
ngc1433 55.46312448611863 -47.22239301313422 18 5.9360161920327394
ngc1433 55.51735876462723 -47.23689069903519 19 6.222949628777218
ngc1433 55.50631137147532 -47.22505922383168 20 11.013354671716032
ngc1433 55.49514871214274 -47.21255265758908 21 12.657743865550687
ngc1433 55.507538334743856 -47.222052150211304 22 6.343435627569489
ngc1433 55.506802173677166 -47.21955728999779 23 11.189739368583952
ngc1433 55.46790607883985 -47.222142587486346 24 12.501434889630346
ngc1433 55.50692486803184 -47.221809769922 25 12.489314346165205
ngc1433 55.50790647754635 -47.216055346992604 26 4.887847150120091
ngc1433 55.504102829261015 -47.22697383959871 27 14.153058937061799
ngc1433 55.532566949658055 -47.222475677273614 28 9.953055097119709
ngc1433 55.508642646711984 -47.211640126973684 29 12.34857495240073
ngc1433 55.500669383313934 -47.22239305374096 30 2.610069207460191
ngc1433 55.520295762586656 -47.22789273687961 31 15.292421577452961
ngc1433 55.51293935155343 -47.210809087780675 32 12.06954991854749
ngc1433 55.5393203832503 -47.19963624922661 33 9.960842874950254
ngc1433 55.52926238535036 -47.207308107397004 34 8.106927976101101
ngc1433 55.50447085981921 -47.226142622720346 35 8.350096380004397
ngc1433 55.504470842750024 -47.221058148967856 36 12.79422300317137
ngc1433 55.50532974310684 -47.22813263943939 37 5.162262318064562
ngc1433 55.49207785427562 -47.24147609553922 38 2.395638034367052
ngc1433 55.46533316345962 -47.219722933549036 39 7.481356612405101
ngc1433 55.473546807842155 -47.209389178269745 40 7.050158805481956
ngc1433 55.496246166416746 -47.21139275205852 41 10.73163431621189
ngc1433 55.49158863676364 -47.20655640310817 42 9.53927701323874
ngc1433 55.53146670155153 -47.21480483813695 43 12.504760443700723
ngc1433 55.488520758919364 -47.222893131352265 44 14.08438620161248
ngc1433 55.538822688335934 -47.23597463377737 45 17.30584192289701
ngc1433 55.507292969032285 -47.203226174119195 46 10.237089542177873
ngc1433 55.54092269449507 -47.20305975741235 47 13.547789986255207
ngc1433 55.51735367961231 -47.22197603910401 48 10.669242956013983
ngc1433 55.50520705458723 -47.22180965016615 49 17.661307154588577
ngc1433 55.497354114312685 -47.19955263717381 50 14.137467340810712
ngc1433 55.505452470249885 -47.21847645377949 51 7.368878013792639
ngc1433 55.506556778024894 -47.2447177494986 52 12.6094159262337
ngc1433 55.46950505956757 -47.221056476535765 53 3.349487684681555
ngc1433 55.480544565380264 -47.223559768513056 54 10.148455025641473
ngc1433 55.518331922982156 -47.21964292927811 55 17.689056840617027
ngc1433 55.46826671093664 -47.22730972708918 56 10.184472708075878
ngc1433 55.531345056533134 -47.230641722177225 57 15.142652927006166
ngc1433 55.54740315243763 -47.224892427808335 58 842.0142737770885
ngc1433 55.46717079732802 -47.20055944291589 59 14.510502589691637
ngc1433 55.54360051167358 -47.224391853665715 60 1035.0477076578525
ngc1433 55.50005507862341 -47.22163782242223 61 3.393767829586256
ngc1433 55.486926407834794 -47.23130978715351 62 8.77918437459415
ngc1433 55.50950164895245 -47.216642827776774 63 8.792951436311354
ngc1433 55.50753831102401 -47.21947646547079 64 6.873329006894187
ngc1433 55.51710972468229 -47.223559613778285 65 10.66096144581095
ngc1433 55.533187925834014 -47.221808996175426 66 16.659579246161044
ngc1433 55.48840270085036 -47.215721304466335 67 10.290219570693955
ngc1433 55.54238393492507 -47.223976454664964 68 16.80782882914777
ngc1433 55.504716227022165 -47.23138680726043 69 12.529477134124729
ngc1433 55.515886037415356 -47.223059782201794 70 14.327799425514048
ngc1433 55.475025121413324 -47.22822538037838 71 1.4423528017286757
ngc1433 55.47588878349393 -47.22339301591567 72 2.4490996201089907
ngc1433 55.475767741765054 -47.21788705067673 73 12.822060046731115
ngc1433 55.50692484272007 -47.2341343455684 74 13.652342335368
ngc1433 55.52826883911952 -47.222476464358124 75 8.905519026850673
ngc1433 55.529255268612935 -47.22539184447312 76 10.183834069030794
ngc1433 55.500421530289216 -47.21939258152134 77 5.011439301382564
ngc1433 55.511956243004306 -47.235720638870596 78 11.561297121804479
ngc1433 55.50545242858767 -47.220475603787996 79 7.910682455599129
ngc1433 55.508274506755455 -47.214221230799915 80 9.29427942014407
ngc1433 55.512568995033355 -47.21155526154312 81 13.437095620905199
ngc1433 55.505575198209975 -47.20872187653317 82 15.092113651126226
ngc1433 55.50250743917815 -47.240470889796114 83 14.881889549082848
ngc1433 55.50496163405396 -47.210471432795224 84 11.637355446988693
ngc1433 55.47735793534111 -47.219891333572775 85 13.076022441000896
ngc1433 55.50876481443217 -47.22280970861789 86 12.59821065189628
ngc1433 55.50986958288312 -47.23947499723873 87 5.480404338325767
ngc1433 55.507538457316734 -47.2254764654737 88 13.116087928501317
ngc1433 55.49870551691416 -47.21855977886121 89 13.350983253811712
ngc1433 55.50287576527289 -47.20372085476221 90 12.867070186519781
ngc1433 55.513427817135465 -47.225224877304214 91 12.703228979853304
ngc1433 55.53036762311278 -47.220642781425234 92 9.519432422753006
ngc1433 55.534403228082084 -47.22855977769488 93 11.529597324478821
ngc1433 55.5097479324053 -47.2148884906067 94 5.89731111084637
ngc1433 55.50434820152992 -47.22197645712101 95 12.675163756476874
ngc1433 55.50901085007852 -47.2084763491574 96 14.786951824676576
ngc1433 55.50729298971755 -47.23597124732169 97 12.29386343644446
ngc1433 55.5177237710348 -47.23880860130153 98 19.156174162667828
ngc1433 55.50287578132899 -47.21438622660498 99 12.886342609577891
ngc1511 59.89666579340004 -67.63406015250884 0 21.023853157731228
ngc1511 59.90323589807955 -67.63780998178218 1 14.499932988380358
ngc1511 59.89622747750684 -67.63239581300407 2 20.9647301711776
ngc1511 59.91572253774888 -67.63931169877031 3 16.321890955939082
ngc1511 59.88572037365034 -67.62864476321221 4 9.71665992784815
ngc1511 59.91155741114991 -67.64272698276824 5 22.746548468387438
ngc1511 59.9155028678326 -67.63797834360358 6 14.231536616534873
ngc1511 59.92930150437418 -67.63222916091699 7 18.66310877677379
ngc1511 59.897541620443675 -67.637478844737 8 21.691626228780613
ngc1511 59.926893350408236 -67.63206237400685 9 15.734177154316681
ngc1511 59.937843228808724 -67.62897852038405 10 12.110178959231614
ngc1511 59.8835301735675 -67.63731219169757 11 14.891411893487666
ngc1511 59.90542603085473 -67.63747897310952 12 18.394198721949532
ngc1511 59.90367389115108 -67.63272892211714 13 21.51623761649511
ngc1511 59.917040409339705 -67.63664563978197 14 22.08423132247712
ngc1511 59.91856503344801 -67.62830555046305 15 21.757227560972623
ngc1511 59.8918443603517 -67.6308124203987 16 17.619513817111343
ngc1511 59.904768926570256 -67.63905679753438 17 21.489639840249303
ngc1511 59.916595340488136 -67.6367255475255 18 16.645538815444887
ngc1511 59.89316017962137 -67.63514583001357 19 18.98277895873366
ngc1511 59.91199795543767 -67.63289578951392 20 19.09901484709572
ngc1511 59.869297248975315 -67.63981078967304 21 17.72124544295827
ngc1511 59.897104873949125 -67.63447911761591 22 18.160138193236
ngc1511 59.8787198220587 -67.6343947503672 23 14.447653781415099
ngc1511 59.88637344224856 -67.6287269299119 24 4.693597240627404
ngc1511 59.887249296740265 -67.64547748759944 25 23.07527500220368
ngc1511 59.920322693511416 -67.63681116364741 26 14.875303048895375
ngc1511 59.92010182569307 -67.6296442021415 27 18.226380385016245
ngc1511 59.93499676107201 -67.63422916592438 28 13.018482760505044
ngc1511 59.90717793423653 -67.63731221806418 29 24.69045455247981
ngc1511 59.91922731644489 -67.63189446905649 30 22.321508285249333
ngc1511 59.903454965346654 -67.63514577588593 31 21.87993752770779
ngc1511 59.91856854584033 -67.64106146668668 32 21.72326190911492
ngc1511 59.919006573333654 -67.63731207444707 33 23.45445086404551
ngc1511 59.91287258287724 -67.63531219172222 34 21.756019228123243
ngc1511 59.933894932131416 -67.63664539181005 35 2.708674727786329
ngc1511 59.89119093287065 -67.63414582927726 36 15.520585171179045
ngc1511 59.88659392646671 -67.63531249888958 37 14.340920290129784
ngc1511 59.88287135246296 -67.63781234201439 38 19.28972252466439
ngc1511 59.92667429805262 -67.62414151590505 39 17.039676132379135
ngc1511 59.91966593766412 -67.64764327550321 40 15.996384834755398
ngc1511 59.91002555142116 -67.63997815792234 41 22.009197778725323
ngc1511 59.94002355944343 -67.63181234683756 42 13.04861802924789
ngc1511 59.91221601633979 -67.6371458074779 43 9.644552470751325
ngc1511 59.89513615175344 -67.63205954096108 44 21.23703546633881
ngc1511 59.93325419916162 -67.6296445802104 45 4.841266320489114
ngc1511 59.91550507284491 -67.63956165471608 46 18.828548473936642
ngc1511 59.907616083105744 -67.63956213540071 47 5.642995029060403
ngc1511 59.91747499275385 -67.6319789397965 48 17.582866800143126
ngc1511 59.92119527966177 -67.63589477541163 49 9.310370914357359
ngc1511 59.9229492789652 -67.63022674460106 50 1.9584631846282785
ngc1511 59.89272615503797 -67.63947726058316 51 21.416626414958017
ngc1511 59.93281080215776 -67.63747858666619 52 15.44973939377136
ngc1511 59.94815137899964 -67.6427232880865 53 24.638469057547013
ngc1511 59.89841824888989 -67.63214572398104 54 11.484555209332981
ngc1511 59.917249819313824 -67.6387290532381 55 19.824695738197637
ngc1511 59.90630188384223 -67.6387286407743 56 8.964993048978867
ngc1511 59.88966013970143 -67.64222822966623 57 23.0314499559792
ngc1511 59.9082734922605 -67.63356249734316 58 18.17805701693495
ngc1511 59.89316130794982 -67.63581238658087 59 8.051526666255787
ngc1511 59.9304041253166 -67.63722916091758 60 9.321843281383341
ngc1511 59.91747090005009 -67.64097815788564 61 19.16888743933389
ngc1511 59.879592373729004 -67.63189476307265 62 8.896171217145833
ngc1511 59.89425773456618 -67.63014560647804 63 6.731192974112981
ngc1511 59.944189852441056 -67.63456162108605 64 10.892309668868085
ngc1511 59.90454993651806 -67.62689242041048 65 23.591280362213123
ngc1511 59.91987973032921 -67.6386449880789 66 17.20340609286912
ngc1511 59.89819902952772 -67.64072905728932 67 17.414444743404545
ngc1511 59.881120530388706 -67.63247914457014 68 18.79056012646091
ngc1511 59.94355427943428 -67.63514583178102 69 5.311724295373068
ngc1511 59.897978611920394 -67.6370624097753 70 18.02093122384842
ngc1511 59.92535945938601 -67.64256180365732 71 12.359945115995082
ngc1511 59.91878908505851 -67.6317290532662 72 17.927785646348077
ngc1511 59.88177924705859 -67.63456170975009 73 18.17515362164382
ngc1511 59.91221462221506 -67.63556249977331 74 14.520733274094235
ngc1511 59.88090403108569 -67.63697843974846 75 24.15800859825987
ngc1511 59.86929527720635 -67.64247847032556 76 19.7644203726184
ngc1511 59.91265401617022 -67.63889405898948 77 24.331774461399796
ngc1511 59.90235996999145 -67.63497912534739 78 18.63256472385573
ngc1511 59.9014837018618 -67.638810914365 79 24.072031997784084
ngc1511 59.90038917503481 -67.63906190132988 80 15.357025945263887
ngc1511 59.90871110381074 -67.63239508571648 81 21.295703703058408
ngc1511 59.930408487372276 -67.63089473786185 82 22.03928406418703
ngc1511 59.90279811669406 -67.64314427786329 83 16.602706248823335
ngc1511 59.91484516816475 -67.6329788094511 84 4.454061657685265
ngc1511 59.92360467850509 -67.63997787190772 85 19.997764306625168
ngc1511 59.90958662259254 -67.63422864086984 86 21.978100893467843
ngc1511 59.92645532450301 -67.63306101989951 87 9.903683722040931
ngc1511 59.930181987177036 -67.63547893394556 88 17.00636504751997
ngc1511 59.87958811832423 -67.63172762700701 89 20.389200589750644
ngc1511 59.92382487974658 -67.63981247606455 90 10.16204456557895
ngc1511 59.8798082860324 -67.63197848069372 91 18.38856159925424
ngc1511 59.89666597899389 -67.63414533360691 92 21.143867187862384
ngc1511 59.94026498803185 -67.62897529036114 93 19.255975076024363
ngc1511 59.870387871831866 -67.63156040582955 94 19.61312892847128
ngc1511 59.91221544724598 -67.6247264336065 95 18.86165479238732
ngc1511 59.922511719437175 -67.63006241340507 96 17.29344793110649
ngc1511 59.92032126547247 -67.63806248998044 97 19.265146646897453
ngc1511 59.91900562900846 -67.64139421682128 98 4.766923969296852
ngc1511 59.931069138017826 -67.63397897313644 99 12.157074513279728
